1100
0000
0000
0000
1101
0000
1111
0000
0000
0000
Done
1001
0000
1001
0000
0000
0000
0000
0000
1001
0000
1111
0000
0000
0000
Done
1001
0000
1111
0000
0000
0000
1001
0000
1111
0000
0000
0000
1001
0000
1111
0000
0000
0000
1001
0000
1111
0000
0000
0000
Done
1001
0000
1110
0000
0000
0000
0000
1001
0000
0000
1110
0000
0000
0000
1111
0000
1010
0000
0000
0000
Done
1111
0000
1111
0000
0000
0000
1111
0000
1111
0000
0000
0000
Done
1001
0000
1111
0000
0000
0000
1001
0000
1111
0000
0000
0000
1001
0000
0000
1111
0000
0000
0000
1111
0000
1111
0000
0000
0000
Done
1100
0000
0000
0000
1111
0000
1111
0000
0000
0000
0000
0000
Done
1001
0000
1111
0000
0000
0000
1001
0000
1111
0000
0000
0000
1001
0000
1111
0000
0000
0000
1001
0000
1111
0000
0000
0000
1001
0000
1111
0000
0000
0000
1001
0000
1111
0000
0000
0000
1001
0000
1111
0000
0000
0000
1001
0000
1111
0000
0000
0000
Done
1001
0000
0000
1111
0000
0000
0000
1111
0000
1111
0000
0000
0000
1001
0000
1111
0000
0000
0000
1111
0000
0000
0000
1111
0000
0000
0000
Done
1111
0000
0000
1110
0000
0000
0000
1011
0000
0000
1110
0000
0000
0000
1111
0000
1100
0000
0000
0000
1001
0000
1111
0000
0000
0000
0000
0000
0000
Done
